
100 1e-06
600 1e-06
1100 1e-06
1600 2e-06
2100 2e-06
2600 2e-06
3100 2e-06
3600 3e-06
4100 4e-06
4600 4e-06
5100 4e-06
5600 5e-06
6100 5e-06
6600 5e-06
7100 6e-06
7600 6e-06
8100 7e-06
8600 8e-06
9100 9e-06
9600 8e-06
10100 8e-06
10600 8e-06
11100 8e-06
11600 8e-06
12100 8e-06
12600 9e-06
13100 1e-05
13600 1.2e-05
14100 1.7e-05
14600 1.5e-05
15100 1.8e-05
15600 1.8e-05
16100 1.9e-05
16600 1.4e-05
17100 1.4e-05
17600 1.4e-05
18100 1.9e-05
18600 1.8e-05
19100 1.5e-05
19600 1.5e-05
20100 1.7e-05
20600 1.6e-05
21100 2.3e-05
21600 2.1e-05
22100 2.8e-05
22600 2.2e-05
23100 2.5e-05
23600 1.8e-05
24100 1.8e-05
24600 2.1e-05
25100 3e-05
25600 2.1e-05
26100 2.1e-05
26600 2.1e-05
27100 2.2e-05
27600 2.5e-05
28100 2.1e-05
28600 2.3e-05
29100 2.3e-05
29600 2.3e-05
30100 2.3e-05
30600 2.1e-05
31100 3.2e-05
31600 2.8e-05
32100 3.6e-05
32600 3e-05
33100 2.7e-05
33600 2.6e-05
34100 2.5e-05
34600 2.6e-05
35100 2.4e-05
35600 2.6e-05
36100 3.9e-05
36600 3.3e-05
37100 3.3e-05
37600 3.2e-05
38100 2.9e-05
38600 3.5e-05
39100 3.3e-05
39600 3.1e-05
40100 2.9e-05
40600 3.3e-05
41100 2.8e-05
41600 3.2e-05
42100 3.4e-05
42600 3.3e-05
43100 3e-05
43600 3.1e-05
44100 3.4e-05
44600 3.4e-05
45100 3.7e-05
45600 3.1e-05
46100 4.2e-05
46600 4.6e-05
47100 3.6e-05
47600 3.6e-05
48100 3.6e-05
48600 4.1e-05
49100 4.6e-05
49600 4.1e-05
50100 4.5e-05
50600 4.3e-05
51100 5.3e-05
51600 5.3e-05
52100 6e-05
52600 6e-05
53100 5.1e-05
53600 5e-05
54100 4.2e-05
54600 3.9e-05
55100 3.9e-05
55600 3.8e-05
56100 4e-05
56600 5.6e-05
57100 4.9e-05
57600 4.7e-05
58100 4.4e-05
58600 4e-05
59100 4.2e-05
59600 4.5e-05
60100 6.2e-05
60600 4.2e-05
61100 4.2e-05
61600 4.2e-05
62100 4.2e-05
62600 4.9e-05
63100 5.4e-05
63600 4.9e-05
64100 4.8e-05
64600 4.9e-05
65100 4.9e-05
65600 4.4e-05
66100 4.5e-05
66600 4.7e-05
67100 4.8e-05
67600 4.6e-05
68100 4.6e-05
68600 4.7e-05
69100 4.7e-05
69600 5.3e-05
70100 5.3e-05
70600 4.9e-05
71100 5.4e-05
71600 6.7e-05
72100 5e-05
72600 5.1e-05
73100 5.1e-05
73600 5.2e-05
74100 5.1e-05
74600 5.2e-05
75100 5.2e-05
75600 5.3e-05
76100 5.8e-05
76600 5.8e-05
77100 5.7e-05
77600 7.2e-05
78100 5.5e-05
78600 8e-05
79100 5.9e-05
79600 6.2e-05
80100 5.5e-05
80600 5.5e-05
81100 5.5e-05
81600 5.6e-05
82100 5.6e-05
82600 5.6e-05
83100 5.6e-05
83600 5.9e-05
84100 5.8e-05
84600 8.2e-05
85100 6e-05
85600 6e-05
86100 6e-05
86600 5.9e-05
87100 6.1e-05
87600 9.4e-05
88100 8.5e-05
88600 6.9e-05
89100 9.5e-05
89600 6.6e-05
90100 6.8e-05
90600 6.1e-05
91100 6.3e-05
91600 6.2e-05
92100 6.2e-05
92600 8.3e-05
93100 7.9e-05
93600 6.6e-05
94100 6.6e-05
94600 6.4e-05
95100 6.4e-05
95600 6.5e-05
96100 6.5e-05
96600 6.5e-05
97100 6.8e-05
97600 6.8e-05
98100 7.3e-05
98600 6.7e-05
99100 9.2e-05
99600 6.7e-05
100100 7.9e-05
100600 7.5e-05
101100 6.8e-05
101600 7.6e-05
102100 7.7e-05
102600 7.7e-05
103100 0.000105
103600 8.1e-05
104100 7.9e-05
104600 7.1e-05
105100 7.1e-05
105600 7.2e-05
106100 8e-05
106600 8.2e-05
107100 9.4e-05
107600 7.3e-05
108100 7.3e-05
108600 7.6e-05
109100 7.5e-05
109600 9e-05
110100 8.3e-05
110600 7.7e-05
111100 8e-05
111600 7.9e-05
112100 0.00012
112600 9.9e-05
113100 9.4e-05
113600 0.000115
114100 0.000101
114600 9.3e-05
115100 9.7e-05
115600 8.4e-05
116100 9.5e-05
116600 9e-05
117100 9.5e-05
117600 0.00014
118100 9.5e-05
118600 9.6e-05
119100 8e-05
119600 8.3e-05
120100 9.1e-05
120600 9e-05
121100 8.4e-05
121600 8.6e-05
122100 8.6e-05
122600 8.5e-05
123100 8.5e-05
123600 9e-05
124100 9.3e-05
124600 8.7e-05
125100 9e-05
125600 9.4e-05
126100 9.1e-05
126600 8.6e-05
127100 9.1e-05
127600 0.000124
128100 8.6e-05
128600 8.8e-05
129100 9.7e-05
129600 0.000131
130100 9.2e-05
130600 0.000103
131100 0.00015
131600 8.9e-05
132100 0.0001
132600 9.9e-05
133100 9e-05
133600 0.000124
134100 0.000101
134600 9.1e-05
135100 0.000101
135600 9.2e-05
136100 9.5e-05
136600 9.8e-05
137100 0.000124
137600 0.0001
138100 9.3e-05
138600 0.000105
139100 9.4e-05
139600 9.5e-05
140100 0.000106
140600 9.8e-05
141100 9.6e-05
141600 0.0001
142100 0.000101
142600 0.000132
143100 9.7e-05
143600 0.0001
144100 9.7e-05
144600 0.000167
145100 0.00012
145600 0.000123
146100 9.9e-05
146600 0.000103
147100 0.00011
147600 0.000112
148100 0.000143
148600 0.000139
149100 0.000116
149600 0.000104
150100 0.000113
150600 0.000114
151100 0.000105
151600 0.000127
152100 0.00011
152600 0.000103
153100 0.000103
153600 0.000103
154100 0.000181
154600 0.00012
155100 0.000162
155600 0.000117
156100 0.000157
156600 0.000176
157100 0.000118
157600 0.0002
158100 0.000134
158600 0.000177
159100 0.000215
159600 0.000158
160100 0.00012
160600 0.000142
161100 0.000125
161600 0.000117
162100 0.000132
162600 0.000161
163100 0.000153
163600 0.000144
164100 0.000125
164600 0.000111
165100 0.000112
165600 0.000124
166100 0.000138
166600 0.000145
167100 0.000185
167600 0.000169
168100 0.000113
168600 0.000132
169100 0.000181
169600 0.000115
170100 0.00015
170600 0.000152
171100 0.000123
171600 0.000116
172100 0.000115
172600 0.000147
173100 0.000159
173600 0.000125
174100 0.000117
174600 0.000117
175100 0.000151
175600 0.000137
176100 0.000136
176600 0.000128
177100 0.000121
177600 0.000128
178100 0.000128
178600 0.000121
179100 0.000144
179600 0.000136
180100 0.000126
180600 0.000138
181100 0.000151
181600 0.000132
182100 0.000122
182600 0.000136
183100 0.000168
183600 0.000159
184100 0.000141
184600 0.000144
185100 0.000124
185600 0.000126
186100 0.000134
186600 0.000125
187100 0.000135
187600 0.000131
188100 0.000143
188600 0.000138
189100 0.000145
189600 0.00014
190100 0.000128
190600 0.000129
191100 0.00013
191600 0.000129
192100 0.00013
192600 0.000159
193100 0.000189
193600 0.000131
194100 0.000146
194600 0.000132
195100 0.000148
195600 0.000141
196100 0.000136
196600 0.000142
197100 0.000137
197600 0.000133
198100 0.000133
198600 0.000149
199100 0.000148
199600 0.000139
200100 0.000135
200600 0.000135
201100 0.000136
201600 0.000135
202100 0.000156
202600 0.000136
203100 0.00014
203600 0.000211
204100 0.000153
204600 0.000239
205100 0.000139
205600 0.000143
206100 0.000138
206600 0.00017
207100 0.00014
207600 0.000155
208100 0.000179
208600 0.00014
209100 0.00014
209600 0.000141
210100 0.000181
210600 0.000141
211100 0.000144
211600 0.000171
212100 0.000142
212600 0.000143
213100 0.00017
213600 0.000163
214100 0.000144
214600 0.000144
215100 0.000144
215600 0.000145
216100 0.000145
216600 0.000162
217100 0.000176
217600 0.000182
218100 0.000178
218600 0.000191
219100 0.000149
219600 0.000148
220100 0.00015
220600 0.000183
221100 0.000168
221600 0.000154
222100 0.000168
222600 0.000161
223100 0.000156
223600 0.000168
224100 0.00022
224600 0.000196
225100 0.000182
225600 0.000152
226100 0.000157
226600 0.000188
227100 0.000176
227600 0.000164
228100 0.000154
228600 0.000165
229100 0.000154
229600 0.000191
230100 0.000201
230600 0.000228
231100 0.000187
231600 0.000201
232100 0.000196
232600 0.000188
233100 0.000174
233600 0.000176
234100 0.000158
234600 0.000204
235100 0.000223
235600 0.000165
236100 0.000164
236600 0.00016
237100 0.000159
237600 0.000164
238100 0.00016
238600 0.000178
239100 0.000206
239600 0.000179
240100 0.000164
240600 0.000206
241100 0.000168
241600 0.00019
242100 0.000181
242600 0.000177
243100 0.00025
243600 0.000205
244100 0.00017
244600 0.000183
245100 0.00021
245600 0.000165
246100 0.000187
246600 0.000169
247100 0.00019
247600 0.000216
248100 0.000169
248600 0.000243
249100 0.000168
249600 0.000168
250100 0.000174
250600 0.000227
251100 0.000192
251600 0.000188
252100 0.000189
252600 0.000189
253100 0.000183
253600 0.000176
254100 0.000171
254600 0.000188
255100 0.000178
255600 0.000173
256100 0.000173
256600 0.000178
257100 0.000179
257600 0.000174
258100 0.000201
258600 0.000225
259100 0.000211
259600 0.000195
260100 0.000175
260600 0.000175
261100 0.000234
261600 0.000229
262100 0.000201
262600 0.000196
263100 0.000196
263600 0.000178
264100 0.000184
264600 0.00018
265100 0.000178
265600 0.000179
266100 0.000179
266600 0.000186
267100 0.000183
267600 0.000197
268100 0.00018
268600 0.00018
269100 0.000182
269600 0.000182
270100 0.000197
270600 0.000181
271100 0.000305
271600 0.000203
272100 0.000189
272600 0.000193
273100 0.000205
273600 0.000204
274100 0.000216
274600 0.000214
275100 0.000186
275600 0.000187
276100 0.000191
276600 0.000212
277100 0.000186
277600 0.000188
278100 0.000203
278600 0.00022
279100 0.000188
279600 0.000203
280100 0.000191
280600 0.000219
281100 0.000263
281600 0.000196
282100 0.000191
282600 0.000194
283100 0.000212
283600 0.000258
284100 0.000192
284600 0.000192
285100 0.000204
285600 0.000196
286100 0.000194
286600 0.0002
287100 0.000193
287600 0.000194
288100 0.000199
288600 0.000194
289100 0.000207
289600 0.000196
290100 0.000195
290600 0.00023
291100 0.000232
291600 0.000196
292100 0.000197
292600 0.000197
293100 0.000198
293600 0.000219
294100 0.000213
294600 0.000205
295100 0.000205
295600 0.000199
296100 0.000199
296600 0.000201
297100 0.000243
297600 0.0002
298100 0.000201
298600 0.000202
299100 0.000202
299600 0.000214
300100 0.000226
300600 0.00027
301100 0.000265
301600 0.000218
302100 0.000246
302600 0.000298
303100 0.000229
303600 0.000204
304100 0.000233
304600 0.000229
305100 0.00025
305600 0.000211
306100 0.000208
306600 0.000222
307100 0.000206
307600 0.000214
308100 0.000219
308600 0.000245
309100 0.000208
309600 0.000208
310100 0.000216
310600 0.000221
311100 0.000214
311600 0.00021
312100 0.000243
312600 0.00021
313100 0.000242
313600 0.000354
314100 0.000212
314600 0.000245
315100 0.000224
315600 0.000213
316100 0.000212
316600 0.000213
317100 0.000251
317600 0.000286
318100 0.000369
318600 0.000241
319100 0.000217
319600 0.000223
320100 0.000215
320600 0.000216
321100 0.000216
321600 0.000228
322100 0.000231
322600 0.000217
323100 0.000217
323600 0.000244
324100 0.000218
324600 0.000218
325100 0.000219
325600 0.000248
326100 0.000219
326600 0.000221
327100 0.000221
327600 0.000222
328100 0.000228
328600 0.000266
329100 0.000228
329600 0.000247
330100 0.000225
330600 0.000222
331100 0.000223
331600 0.000225
332100 0.000261
332600 0.000231
333100 0.000224
333600 0.000225
334100 0.000224
334600 0.000306
335100 0.00025
335600 0.000229
336100 0.000269
336600 0.000252
337100 0.000226
337600 0.000253
338100 0.000229
338600 0.000228
339100 0.000228
339600 0.000305
340100 0.000231
340600 0.000239
341100 0.000229
341600 0.00023
342100 0.000232
342600 0.000261
343100 0.000237
343600 0.000232
344100 0.000234
344600 0.000261
345100 0.000232
345600 0.000249
346100 0.000241
346600 0.000319
347100 0.000247
347600 0.000235
348100 0.000253
348600 0.000234
349100 0.000234
349600 0.000236
350100 0.000248
350600 0.000284
351100 0.00025
351600 0.00025
352100 0.000253
352600 0.000247
353100 0.000282
353600 0.000246
354100 0.000248
354600 0.000268
355100 0.000239
355600 0.000239
356100 0.000242
356600 0.000344
357100 0.000259
357600 0.000249
358100 0.000271
358600 0.000283
359100 0.00025
359600 0.00025
360100 0.000251
360600 0.000242
361100 0.000272
361600 0.000243
362100 0.000245
362600 0.000246
363100 0.000245
363600 0.000245
364100 0.000246
364600 0.000245
365100 0.000245
365600 0.000332
366100 0.000248
366600 0.000335
367100 0.000249
367600 0.000276
368100 0.000273
368600 0.000259
369100 0.000263
369600 0.0003
370100 0.000279
370600 0.000256
371100 0.000256
371600 0.000333
372100 0.000274
372600 0.000316
373100 0.000299
373600 0.000258
374100 0.000261
374600 0.000258
375100 0.000305
375600 0.000393
376100 0.000311
376600 0.000269
377100 0.000288
377600 0.000256
378100 0.000255
378600 0.000255
379100 0.000257
379600 0.000256
380100 0.000256
380600 0.000258
381100 0.000256
381600 0.000258
382100 0.000257
382600 0.000258
383100 0.000258
383600 0.000297
384100 0.00026
384600 0.000259
385100 0.00026
385600 0.000294
386100 0.00026
386600 0.000269
387100 0.000261
387600 0.000417
388100 0.00029
388600 0.000298
389100 0.000325
389600 0.000318
390100 0.000339
390600 0.000327
391100 0.000363
391600 0.000309
392100 0.00031
392600 0.000283
393100 0.000324
393600 0.000349
394100 0.000304
394600 0.000486
395100 0.000344
395600 0.000286
396100 0.000293
396600 0.000298
397100 0.000267
397600 0.000312
398100 0.000298
398600 0.000283
399100 0.000299
399600 0.000273
400100 0.000269
400600 0.000291
401100 0.000309
401600 0.000311
402100 0.000274
402600 0.000307
403100 0.000289
403600 0.000312
404100 0.000271
404600 0.000273
405100 0.000275
405600 0.0003
406100 0.000273
406600 0.000274
407100 0.000275
407600 0.000274
408100 0.000275
408600 0.000276
409100 0.000326
409600 0.000278
410100 0.000285
410600 0.000296
411100 0.000296
411600 0.000308
412100 0.000309
412600 0.000309
413100 0.000315
413600 0.000336
414100 0.000287
414600 0.000281
415100 0.000283
415600 0.000279
416100 0.000281
416600 0.000294
417100 0.000281
417600 0.000292
418100 0.000328
418600 0.000303
419100 0.000282
419600 0.000313
420100 0.000292
420600 0.000282
421100 0.000284
421600 0.000285
422100 0.000302
422600 0.000321
423100 0.000284
423600 0.000288
424100 0.000288
424600 0.000325
425100 0.000286
425600 0.000327
426100 0.00031
426600 0.000306
427100 0.000341
427600 0.000289
428100 0.000288
428600 0.000338
429100 0.00029
429600 0.000315
430100 0.00029
430600 0.000297
431100 0.000316
431600 0.00029
432100 0.000293
432600 0.000297
433100 0.000293
433600 0.000303
434100 0.000343
434600 0.000326
435100 0.000293
435600 0.000294
436100 0.000321
436600 0.000333
437100 0.000294
437600 0.000326
438100 0.000386
438600 0.000326
439100 0.000306
439600 0.000305
440100 0.000309
440600 0.000297
441100 0.000307
441600 0.000423
442100 0.000321
442600 0.000298
443100 0.000364
443600 0.000302
444100 0.0003
444600 0.000338
445100 0.000349
445600 0.000319
446100 0.000347
446600 0.000302
447100 0.000319
447600 0.000303
448100 0.000303
448600 0.00032
449100 0.000303
449600 0.000303
450100 0.000304
450600 0.000348
451100 0.000304
451600 0.000305
452100 0.000309
452600 0.000341
453100 0.000306
453600 0.000306
454100 0.000308
454600 0.000342
455100 0.000307
455600 0.000315
456100 0.000388
456600 0.00031
457100 0.000356
457600 0.000336
458100 0.000309
458600 0.00031
459100 0.000349
459600 0.000316
460100 0.000346
460600 0.000311
461100 0.000366
461600 0.000346
462100 0.000349
462600 0.000312
463100 0.000313
463600 0.000324
464100 0.000347
464600 0.000313
465100 0.000339
465600 0.000323
466100 0.000319
466600 0.000339
467100 0.000316
467600 0.000356
468100 0.000527
468600 0.000322
469100 0.00032
469600 0.000368
470100 0.000372
470600 0.000319
471100 0.000321
471600 0.000318
472100 0.000369
472600 0.000337
473100 0.000345
473600 0.00032
474100 0.000341
474600 0.000324
475100 0.00032
475600 0.000333
476100 0.000359
476600 0.000407
477100 0.000322
477600 0.000353
478100 0.000389
478600 0.000335
479100 0.000326
479600 0.000322
480100 0.000364
480600 0.000338
481100 0.00036
481600 0.000343
482100 0.000324
482600 0.000327
483100 0.000337
483600 0.000379
484100 0.000326
484600 0.000351
485100 0.000394
485600 0.000373
486100 0.00033
486600 0.000371
487100 0.000329
487600 0.000366
488100 0.000352
488600 0.000331
489100 0.00033
489600 0.000347
490100 0.00033
490600 0.000331
491100 0.000349
491600 0.000335
492100 0.000333
492600 0.000357
493100 0.00035
493600 0.000359
494100 0.000399
494600 0.000335
495100 0.000372
495600 0.000374
496100 0.000372
496600 0.000336
497100 0.000335
497600 0.000351
498100 0.000339
498600 0.000336
499100 0.000372
499600 0.000356
500100 0.000375
500600 0.000375
501100 0.000339
501600 0.000357
502100 0.000376
502600 0.000357
503100 0.000419
503600 0.00034
504100 0.00034
504600 0.00041
505100 0.000368
505600 0.000342
506100 0.000346
506600 0.000343
507100 0.000367
507600 0.000343
508100 0.000343
508600 0.000382
509100 0.000345
509600 0.00037
510100 0.000347
510600 0.000344
511100 0.000382
511600 0.000356
512100 0.00035
512600 0.000363
513100 0.000352
513600 0.000387
514100 0.000348
514600 0.000364
515100 0.000353
515600 0.000349
516100 0.000365
516600 0.000385
517100 0.000369
517600 0.00035
518100 0.000389
518600 0.000392
519100 0.000388
519600 0.000371
520100 0.000446
520600 0.00035
521100 0.000352
521600 0.000369
522100 0.000393
522600 0.000385
523100 0.000357
523600 0.000354
524100 0.000354
524600 0.000371
525100 0.000361
525600 0.000359
526100 0.000455
526600 0.000383
527100 0.000374
527600 0.000357
528100 0.000401
528600 0.000419
529100 0.000363
529600 0.000359
530100 0.000418
530600 0.000397
531100 0.000359
531600 0.000392
532100 0.00036
532600 0.000378
533100 0.000365
533600 0.000361
534100 0.000391
534600 0.000361
535100 0.000432
535600 0.000523
536100 0.000511
536600 0.000469
537100 0.000431
537600 0.00048
538100 0.000437
538600 0.000424
539100 0.000382
539600 0.000365
540100 0.000412
540600 0.000371
541100 0.000384
541600 0.000369
542100 0.000371
542600 0.000391
543100 0.000368
543600 0.000368
544100 0.00043
544600 0.000368
545100 0.000414
545600 0.00059
546100 0.000369
546600 0.000435
547100 0.000374
547600 0.000383
548100 0.000376
548600 0.000373
549100 0.000373
549600 0.000384
550100 0.000376
550600 0.000373
551100 0.000417
551600 0.000376
552100 0.000374
552600 0.000422
553100 0.000374
553600 0.000432
554100 0.000476
554600 0.000422
555100 0.000375
555600 0.000376
556100 0.000376
556600 0.00043
557100 0.000393
557600 0.0004
558100 0.000425
558600 0.000379
559100 0.000379
559600 0.000378
560100 0.000419
560600 0.000379
561100 0.000509
561600 0.000381
562100 0.000382
562600 0.00043
563100 0.000433
563600 0.00038
564100 0.000386
564600 0.000388
565100 0.00043
565600 0.000388
566100 0.000418
566600 0.000451
567100 0.000407
567600 0.000424
568100 0.000427
568600 0.000384
569100 0.000438
569600 0.000414
570100 0.000393
570600 0.000432
571100 0.000388
571600 0.000409
572100 0.00045
572600 0.0004
573100 0.000518
573600 0.00043
574100 0.000391
574600 0.000388
575100 0.000439
575600 0.000389
576100 0.000429
576600 0.000412
577100 0.000394
577600 0.000392
578100 0.000508
578600 0.00044
579100 0.000418
579600 0.000394
580100 0.000418
580600 0.000392
581100 0.000397
581600 0.000395
582100 0.000413
582600 0.000424
583100 0.000436
583600 0.000479
584100 0.000446
584600 0.000447
585100 0.000401
585600 0.000398
586100 0.000473
586600 0.000416
587100 0.000404
587600 0.000438
588100 0.000399
588600 0.000471
589100 0.000399
589600 0.000417
590100 0.000402
590600 0.000454
591100 0.000416
591600 0.000425
592100 0.000479
592600 0.0004
593100 0.000405
593600 0.00047
594100 0.000448
594600 0.000474
595100 0.000404
595600 0.000405
596100 0.000422
596600 0.000462
597100 0.000425
597600 0.000433
598100 0.000445
598600 0.000407
599100 0.000453
599600 0.000509
600100 0.000405
600600 0.000434
601100 0.000621
601600 0.000449
602100 0.000443
602600 0.000414
603100 0.000437
603600 0.000417
604100 0.000432
604600 0.00041
605100 0.000499
605600 0.000461
606100 0.00041
606600 0.00045
607100 0.000411
607600 0.000464
608100 0.000412
608600 0.000449
609100 0.000486
609600 0.000422
610100 0.000416
610600 0.000416
611100 0.000435
611600 0.00041
612100 0.000417
612600 0.000424
613100 0.000415
613600 0.000415
614100 0.000414
614600 0.000424
615100 0.000418
615600 0.000438
616100 0.000428
616600 0.000418
617100 0.000504
617600 0.000427
618100 0.00042
618600 0.000461
619100 0.000471
619600 0.000468
620100 0.000471
620600 0.00042
621100 0.00042
621600 0.000421
622100 0.000429
622600 0.000418
623100 0.000444
623600 0.000616
624100 0.000428
624600 0.000442
625100 0.000474
625600 0.000471
626100 0.000515
626600 0.000482
627100 0.000488
627600 0.000431
628100 0.000475
628600 0.000434
629100 0.000428
629600 0.000476
630100 0.000496
630600 0.000431
631100 0.000763
631600 0.000457
632100 0.000453
632600 0.000434
633100 0.000482
633600 0.00048
634100 0.00044
634600 0.000429
635100 0.000488
635600 0.000435
636100 0.000441
636600 0.000431
637100 0.00044
637600 0.000439
638100 0.000446
638600 0.000437
639100 0.000522
639600 0.000709
640100 0.000443
640600 0.000437
641100 0.000457
641600 0.000469
642100 0.000458
642600 0.000454
643100 0.000442
643600 0.000456
644100 0.000448
644600 0.000439
645100 0.000573
645600 0.000498
646100 0.000599
646600 0.000441
647100 0.000437
647600 0.000489
648100 0.000496
648600 0.000443
649100 0.000449
649600 0.000441
650100 0.000436
650600 0.000442
651100 0.000443
651600 0.000491
652100 0.000451
652600 0.000444
653100 0.000443
653600 0.000448
654100 0.0005
654600 0.000643
655100 0.000445
655600 0.00053
656100 0.000464
656600 0.000441
657100 0.000499
657600 0.000517
658100 0.000449
658600 0.000448
659100 0.000542
659600 0.000518
660100 0.000529
660600 0.000524
661100 0.000495
661600 0.000503
662100 0.000509
662600 0.000452
663100 0.000482
663600 0.000494
664100 0.000586
664600 0.00048
665100 0.000572
665600 0.000505
666100 0.00046
666600 0.000507
667100 0.000491
667600 0.000455
668100 0.000458
668600 0.00046
669100 0.000462
669600 0.000513
670100 0.000506
670600 0.000505
671100 0.000527
671600 0.00046
672100 0.000466
672600 0.000458
673100 0.00046
673600 0.000501
674100 0.000464
674600 0.000457
675100 0.000471
675600 0.000503
676100 0.000459
676600 0.000464
677100 0.000469
677600 0.000484
678100 0.00046
678600 0.00053
679100 0.000463
679600 0.000462
680100 0.00046
680600 0.000498
681100 0.000464
681600 0.000516
682100 0.000459
682600 0.000468
683100 0.000475
683600 0.000467
684100 0.000531
684600 0.000473
685100 0.00047
685600 0.00057
686100 0.000477
686600 0.000469
687100 0.000473
687600 0.000529
688100 0.000471
688600 0.000517
689100 0.000482
689600 0.000524
690100 0.000468
690600 0.000551
691100 0.000473
691600 0.000606
692100 0.0005
692600 0.000516
693100 0.000523
693600 0.000474
694100 0.000474
694600 0.000532
695100 0.000471
695600 0.000514
696100 0.000484
696600 0.000476
697100 0.000472
697600 0.000479
698100 0.000516
698600 0.000555
699100 0.000497
699600 0.000512
700100 0.000704
700600 0.000488
701100 0.000477
701600 0.000484
702100 0.000477
702600 0.000536
703100 0.000502
703600 0.000577
704100 0.00048
704600 0.000492
705100 0.000482
705600 0.000481
706100 0.000592
706600 0.00051
707100 0.000511
707600 0.000537
708100 0.000546
708600 0.000485
709100 0.000537
709600 0.000485
710100 0.000493
710600 0.000484
711100 0.000525
711600 0.000481
712100 0.000498
712600 0.000484
713100 0.000495
713600 0.000639
714100 0.000525
714600 0.000487
715100 0.000777
715600 0.000734
716100 0.000489
716600 0.000487
717100 0.000551
717600 0.000516
718100 0.00049
718600 0.000499
719100 0.000491
719600 0.000496
720100 0.000549
720600 0.000516
721100 0.000491
721600 0.00049
722100 0.000776
722600 0.000543
723100 0.000506
723600 0.000495
724100 0.000495
724600 0.000525
725100 0.000544
725600 0.000495
726100 0.00049
726600 0.000551
727100 0.000504
727600 0.000495
728100 0.000555
728600 0.000533
729100 0.000557
729600 0.000718
730100 0.000528
730600 0.000499
731100 0.000502
731600 0.000552
732100 0.0005
732600 0.000535
733100 0.000511
733600 0.000541
734100 0.000503
734600 0.000555
735100 0.000499
735600 0.00057
736100 0.000504
736600 0.000703
737100 0.000501
737600 0.000551
738100 0.000499
738600 0.000551
739100 0.000526
739600 0.000507
740100 0.000527
740600 0.000505
741100 0.000501
741600 0.000576
742100 0.000589
742600 0.000553
743100 0.000506
743600 0.000748
744100 0.000504
744600 0.000505
745100 0.000512
745600 0.000508
746100 0.000575
746600 0.000553
747100 0.000522
747600 0.000507
748100 0.000507
748600 0.000507
749100 0.000568
749600 0.000593
750100 0.000514
750600 0.000515
751100 0.000517
751600 0.000528
752100 0.000514
752600 0.000525
753100 0.000516
753600 0.000527
754100 0.000514
754600 0.00051
755100 0.000581
755600 0.000562
756100 0.000528
756600 0.000554
757100 0.000543
757600 0.000526
758100 0.000518
758600 0.000769
759100 0.000519
759600 0.000523
760100 0.000515
760600 0.000581
761100 0.000517
761600 0.000525
762100 0.000523
762600 0.000517
763100 0.000523
763600 0.000584
764100 0.000604
764600 0.000635
765100 0.000526
765600 0.000628
766100 0.000582
766600 0.000576
767100 0.000539
767600 0.000579
768100 0.000526
768600 0.000627
769100 0.000545
769600 0.000589
770100 0.000633
770600 0.000554
771100 0.000526
771600 0.000596
772100 0.000585
772600 0.000632
773100 0.000787
773600 0.000608
774100 0.000547
774600 0.000525
775100 0.000545
775600 0.000567
776100 0.00058
776600 0.000533
777100 0.00055
777600 0.000546
778100 0.000548
778600 0.000532
779100 0.000647
779600 0.000527
780100 0.000572
780600 0.000674
781100 0.000618
781600 0.000534
782100 0.000532
782600 0.000552
783100 0.000554
783600 0.000527
784100 0.000633
784600 0.000534
785100 0.000535
785600 0.000552
786100 0.000541
786600 0.000561
787100 0.00054
787600 0.000859
788100 0.000588
788600 0.00054
789100 0.000599
789600 0.000539
790100 0.000569
790600 0.000546
791100 0.000548
791600 0.000543
792100 0.000558
792600 0.000585
793100 0.000543
793600 0.000573
794100 0.000533
794600 0.000602
795100 0.000605
795600 0.000544
796100 0.000539
796600 0.00059
797100 0.000571
797600 0.000593
798100 0.00055
798600 0.000542
799100 0.000546
799600 0.00054
800100 0.00066
800600 0.000595
801100 0.000552
801600 0.000578
802100 0.000817
802600 0.000552
803100 0.000615
803600 0.000555
804100 0.000567
804600 0.000545
805100 0.000926
805600 0.000618
806100 0.000656
806600 0.00055
807100 0.000615
807600 0.000636
808100 0.000611
808600 0.000601
809100 0.000626
809600 0.000655
810100 0.000664
810600 0.000552
811100 0.000553
811600 0.00063
812100 0.000553
812600 0.00056
813100 0.000557
813600 0.000571
814100 0.000609
814600 0.000639
815100 0.000607
815600 0.000655
816100 0.000565
816600 0.000613
817100 0.00062
817600 0.000594
818100 0.000592
818600 0.000603
819100 0.000579
819600 0.000619
820100 0.000692
820600 0.000662
821100 0.000604
821600 0.000614
822100 0.000561
822600 0.000566
823100 0.000718
823600 0.000563
824100 0.000645
824600 0.000555
825100 0.000623
825600 0.000566
826100 0.000635
826600 0.000639
827100 0.000587
827600 0.000571
828100 0.000768
828600 0.000571
829100 0.000569
829600 0.000566
830100 0.000678
830600 0.000617
831100 0.000571
831600 0.000572
832100 0.000583
832600 0.000648
833100 0.000584
833600 0.00057
834100 0.000639
834600 0.000569
835100 0.000644
835600 0.000684
836100 0.000584
836600 0.000625
837100 0.000605
837600 0.000614
838100 0.000642
838600 0.00065
839100 0.000578
839600 0.000573
840100 0.000629
840600 0.00058
841100 0.00059
841600 0.000572
842100 0.000912
842600 0.000594
843100 0.00058
843600 0.000659
844100 0.000637
844600 0.000577
845100 0.000616
845600 0.000579
846100 0.000643
846600 0.000665
847100 0.000656
847600 0.000622
848100 0.000621
848600 0.000601
849100 0.000603
849600 0.000579
850100 0.00091
850600 0.00066
851100 0.000582
851600 0.000591
852100 0.000579
852600 0.000628
853100 0.000582
853600 0.000591
854100 0.000578
854600 0.000583
855100 0.000578
855600 0.000583
856100 0.000638
856600 0.001013
857100 0.00059
857600 0.000647
858100 0.000589
858600 0.00065
859100 0.000645
859600 0.000692
860100 0.000676
860600 0.000668
861100 0.000651
861600 0.000594
862100 0.00059
862600 0.000594
863100 0.000604
863600 0.000723
864100 0.00062
864600 0.000596
865100 0.000662
865600 0.000659
866100 0.000591
866600 0.000701
867100 0.000618
867600 0.000595
868100 0.000705
868600 0.00073
869100 0.000673
869600 0.000641
870100 0.000593
870600 0.000866
871100 0.000664
871600 0.000695
872100 0.000687
872600 0.000663
873100 0.000629
873600 0.000598
874100 0.000597
874600 0.000617
875100 0.000598
875600 0.000597
876100 0.000645
876600 0.000599
877100 0.000598
877600 0.00069
878100 0.000622
878600 0.000608
879100 0.000672
879600 0.00068
880100 0.000686
880600 0.000679
881100 0.000772
881600 0.000675
882100 0.000616
882600 0.000682
883100 0.000667
883600 0.000883
884100 0.000601
884600 0.000603
885100 0.000608
885600 0.000635
886100 0.000607
886600 0.000603
887100 0.000673
887600 0.000611
888100 0.000636
888600 0.000612
889100 0.000608
889600 0.000845
890100 0.000705
890600 0.000704
891100 0.000658
891600 0.00067
892100 0.000627
892600 0.000633
893100 0.000702
893600 0.000617
894100 0.000611
894600 0.000642
895100 0.000616
895600 0.000777
896100 0.000695
896600 0.000702
897100 0.000634
897600 0.000613
898100 0.000706
898600 0.000616
899100 0.00062
899600 0.000637
900100 0.000616
900600 0.000712
901100 0.00064
901600 0.000722
902100 0.000842
902600 0.00088
903100 0.000616
903600 0.000624
904100 0.000935
904600 0.000694
905100 0.000885
905600 0.000697
906100 0.000623
906600 0.00064
907100 0.000624
907600 0.000851
908100 0.000736
908600 0.000626
909100 0.000761
909600 0.000686
910100 0.000762
910600 0.000698
911100 0.000652
911600 0.00071
912100 0.000712
912600 0.000761
913100 0.000625
913600 0.000657
914100 0.000625
914600 0.001281
915100 0.000631
915600 0.000633
916100 0.000626
916600 0.00065
917100 0.000739
917600 0.000631
918100 0.000632
918600 0.000647
919100 0.000654
919600 0.00079
920100 0.000702
920600 0.000638
921100 0.001008
921600 0.000709
922100 0.000626
922600 0.000705
923100 0.000712
923600 0.000693
924100 0.000769
924600 0.000703
925100 0.000691
925600 0.000699
926100 0.000636
926600 0.000767
927100 0.000705
927600 0.000713
928100 0.000696
928600 0.000641
929100 0.000666
929600 0.000705
930100 0.000633
930600 0.000709
931100 0.000693
931600 0.00141
932100 0.000703
932600 0.000718
933100 0.000685
933600 0.000743
934100 0.000724
934600 0.000648
935100 0.000681
935600 0.000888
936100 0.000742
936600 0.000645
937100 0.000678
937600 0.000639
938100 0.000641
938600 0.000672
939100 0.000645
939600 0.000655
940100 0.000646
940600 0.000907
941100 0.000666
941600 0.000646
942100 0.000728
942600 0.00072
943100 0.000648
943600 0.000725
944100 0.000647
944600 0.000654
945100 0.000647
945600 0.000646
946100 0.000737
946600 0.000709
947100 0.000757
947600 0.000682
948100 0.000656
948600 0.000734
949100 0.000705
949600 0.000724
950100 0.000715
950600 0.000652
951100 0.000656
951600 0.000664
952100 0.000655
952600 0.000689
953100 0.000652
953600 0.000656
954100 0.00078
954600 0.000654
955100 0.000991
955600 0.000656
956100 0.000663
956600 0.000675
957100 0.000663
957600 0.00073
958100 0.000658
958600 0.000663
959100 0.000727
959600 0.000662
960100 0.00067
960600 0.000944
961100 0.000666
961600 0.000672
962100 0.000729
962600 0.000734
963100 0.000736
963600 0.000663
964100 0.000718
964600 0.000707
965100 0.000686
965600 0.000665
966100 0.000666
966600 0.000693
967100 0.000897
967600 0.000691
968100 0.000669
968600 0.00074
969100 0.000685
969600 0.00066
970100 0.000677
970600 0.000669
971100 0.00067
971600 0.000677
972100 0.000666
972600 0.000668
973100 0.000669
973600 0.000669
974100 0.000815
974600 0.00067
975100 0.00076
975600 0.000671
976100 0.000673
976600 0.000739
977100 0.000669
977600 0.000701
978100 0.000674
978600 0.000729
979100 0.000726
979600 0.000671
980100 0.000677
980600 0.000878
981100 0.000742
981600 0.000935
982100 0.00074
982600 0.000771
983100 0.00082
983600 0.000754
984100 0.00073
984600 0.000722
985100 0.000683
985600 0.000702
986100 0.000808
986600 0.000679
987100 0.000759
987600 0.000787
988100 0.000797
988600 0.000754
989100 0.00073
989600 0.000756
990100 0.000784
990600 0.000719
991100 0.000678
991600 0.000678
992100 0.000776
992600 0.000777
993100 0.000856
993600 0.00068
994100 0.000742
994600 0.000759
995100 0.0007
995600 0.000685
996100 0.000682
996600 0.000755
997100 0.00075
997600 0.00075
998100 0.000749
998600 0.000687
999100 0.000686
999600 0.000685
1000100 0.000685
1000600 0.001101
1001100 0.000777
1001600 0.000747
1002100 0.000731
1002600 0.00069
1003100 0.00072
1003600 0.000691
1004100 0.000691
1004600 0.000719
1005100 0.000691
1005600 0.000708
1006100 0.00083
1006600 0.000693
1007100 0.00072
1007600 0.00077
1008100 0.000721
1008600 0.000696
1009100 0.000695
1009600 0.000723
1010100 0.000697
1010600 0.000722
1011100 0.000767
1011600 0.000691
1012100 0.000771
1012600 0.000843
1013100 0.000727
1013600 0.000775
1014100 0.000776
1014600 0.00071
1015100 0.000768
1015600 0.000811
1016100 0.000755
1016600 0.00077
1017100 0.000779
1017600 0.000753
1018100 0.000822
1018600 0.0008
1019100 0.000842
1019600 0.000702
1020100 0.00101
1020600 0.000783
1021100 0.000784
1021600 0.000718
1022100 0.000707
1022600 0.000718
1023100 0.000707
1023600 0.000705
1024100 0.000721
1024600 0.000701
1025100 0.001145
1025600 0.000841
1026100 0.001138
1026600 0.0007
1027100 0.000716
1027600 0.000702
1028100 0.000806
1028600 0.000806
1029100 0.000793
1029600 0.00089
1030100 0.000761
1030600 0.000819
1031100 0.000704
1031600 0.000785
1032100 0.000711
1032600 0.000712
1033100 0.000816
1033600 0.000764
1034100 0.000727
1034600 0.000709
1035100 0.000714
1035600 0.000733
1036100 0.000717
1036600 0.000896
1037100 0.000715
1037600 0.000716
1038100 0.000804
1038600 0.000794
1039100 0.000805
1039600 0.00071
1040100 0.000782
1040600 0.000798
1041100 0.000832
1041600 0.000829
1042100 0.000835
1042600 0.000865
1043100 0.000711
1043600 0.00073
1044100 0.0008
1044600 0.000715
1045100 0.00077
1045600 0.000718
1046100 0.000766
1046600 0.00072
1047100 0.000723
1047600 0.000737
1048100 0.000725
1048600 0.00074
1049100 0.000818
1049600 0.00072
1050100 0.000741
1050600 0.000801
1051100 0.000832
1051600 0.000725
1052100 0.000723
1052600 0.000775
1053100 0.000727
1053600 0.000741
1054100 0.000727
1054600 0.00076
1055100 0.00089
1055600 0.000728
1056100 0.000746
1056600 0.000809
1057100 0.000727
1057600 0.000743
1058100 0.000731
1058600 0.000748
1059100 0.00083
1059600 0.000833
1060100 0.000794
1060600 0.000844
1061100 0.000831
1061600 0.000727
1062100 0.000889
1062600 0.000734
1063100 0.000753
1063600 0.000735
1064100 0.000735
1064600 0.00075
1065100 0.00073
1065600 0.000753
1066100 0.000737
1066600 0.000816
1067100 0.000918
1067600 0.000735
1068100 0.000833
1068600 0.000818
1069100 0.000857
1069600 0.000737
1070100 0.000758
1070600 0.000788
1071100 0.000791
1071600 0.000758
1072100 0.000739
1072600 0.000761
1073100 0.00074
1073600 0.000844
1074100 0.001141
1074600 0.000813
1075100 0.000902
1075600 0.000789
1076100 0.000791
1076600 0.000779
1077100 0.000791
1077600 0.000738
1078100 0.000738
1078600 0.000743
1079100 0.001131
1079600 0.000776
1080100 0.00118
1080600 0.000846
1081100 0.000771
1081600 0.000928
1082100 0.000843
1082600 0.000828
1083100 0.000861
1083600 0.000741
1084100 0.000766
1084600 0.00075
1085100 0.000893
1085600 0.000767
1086100 0.00106
1086600 0.00085
1087100 0.000748
1087600 0.000751
1088100 0.000846
1088600 0.000751
1089100 0.000767
1089600 0.000752
1090100 0.000756
1090600 0.000769
1091100 0.000754
1091600 0.000778
1092100 0.000753
1092600 0.000948
1093100 0.000824
1093600 0.000806
1094100 0.000822
1094600 0.000808
1095100 0.000807
1095600 0.00086
1096100 0.000893
1096600 0.000873
1097100 0.000752
1097600 0.000758
1098100 0.000757
1098600 0.000856
1099100 0.000755
1099600 0.00076
1100100 0.000774
1100600 0.000758
1101100 0.000834
1101600 0.000837
1102100 0.000844
1102600 0.000945
1103100 0.000884
1103600 0.000951
1104100 0.000858
1104600 0.00076
1105100 0.000769
1105600 0.000784
1106100 0.000762
1106600 0.000771
1107100 0.000851
1107600 0.000759
1108100 0.000791
1108600 0.000765
1109100 0.000769
1109600 0.000897
1110100 0.000768
1110600 0.000916
1111100 0.000847
1111600 0.000849
1112100 0.000765
1112600 0.000781
1113100 0.000769
1113600 0.000769
1114100 0.00085
1114600 0.000772
1115100 0.000791
1115600 0.001002
1116100 0.000773
1116600 0.001188
1117100 0.000858
1117600 0.000911
1118100 0.000872
1118600 0.000875
1119100 0.000835
1119600 0.000841
1120100 0.00087
1120600 0.000862
1121100 0.00086
1121600 0.001117
1122100 0.000797
1122600 0.001019
1123100 0.000856
1123600 0.000802
1124100 0.000776
1124600 0.000797
1125100 0.000779
1125600 0.000973
1126100 0.00086
1126600 0.000779
1127100 0.000897
1127600 0.00082
1128100 0.000932
1128600 0.000778
1129100 0.000804
1129600 0.000817
1130100 0.000782
1130600 0.000813
1131100 0.001224
1131600 0.000801
1132100 0.000834
1132600 0.000786
1133100 0.00084
1133600 0.000842
1134100 0.000781
1134600 0.000861
1135100 0.000961
1135600 0.000783
1136100 0.000806
1136600 0.000786
1137100 0.00083
1137600 0.000813
1138100 0.000787
1138600 0.00081
1139100 0.00079
1139600 0.000791
1140100 0.001027
1140600 0.000792
1141100 0.001075
1141600 0.00088
1142100 0.000852
1142600 0.000843
1143100 0.000888
1143600 0.000788
1144100 0.000793
1144600 0.000803
1145100 0.000793
1145600 0.000815
1146100 0.000934
1146600 0.000792
1147100 0.001272
1147600 0.000843
1148100 0.000881
1148600 0.000869
1149100 0.000872
1149600 0.000786
1150100 0.000811
1150600 0.000798
1151100 0.000878
1151600 0.000928
1152100 0.000798
1152600 0.000958
1153100 0.000962
1153600 0.000865
1154100 0.000864
1154600 0.000813
1155100 0.000802
1155600 0.000799
1156100 0.000829
1156600 0.000804
1157100 0.000824
1157600 0.000797
1158100 0.000928
1158600 0.000797
1159100 0.000804
1159600 0.000801
1160100 0.000882
1160600 0.000911
1161100 0.000803
1161600 0.000831
1162100 0.000805
1162600 0.000803
1163100 0.000846
1163600 0.000806
1164100 0.000957
1164600 0.000906
1165100 0.000881
1165600 0.000897
1166100 0.000837
1166600 0.00081
1167100 0.00081
1167600 0.000834
1168100 0.001003
1168600 0.000915
1169100 0.000912
1169600 0.00082
1170100 0.001262
1170600 0.000815
1171100 0.000809
1171600 0.000841
1172100 0.000809
1172600 0.000836
1173100 0.000812
1173600 0.000999
1174100 0.000943
1174600 0.001256
1175100 0.000808
1175600 0.000815
1176100 0.000931
1176600 0.000812
1177100 0.000838
1177600 0.000953
1178100 0.000877
1178600 0.000945
1179100 0.000923
1179600 0.000814
1180100 0.000816
1180600 0.001051
1181100 0.000812
1181600 0.000997
1182100 0.00088
1182600 0.000951
1183100 0.00081
1183600 0.00083
1184100 0.000819
1184600 0.000807
1185100 0.000916
1185600 0.000817
1186100 0.000852
1186600 0.001046
1187100 0.000827
1187600 0.001212
1188100 0.000921
1188600 0.000975
1189100 0.000931
1189600 0.000917
1190100 0.000822
1190600 0.000851
1191100 0.00082
1191600 0.000918
1192100 0.001085
1192600 0.000829
1193100 0.001154
1193600 0.000823
1194100 0.000852
1194600 0.000829
1195100 0.000854
1195600 0.000829
1196100 0.000833
1196600 0.000882
1197100 0.000831
1197600 0.001051
1198100 0.000833
1198600 0.000859
1199100 0.000895
1199600 0.000854
1200100 0.000956
1200600 0.000912
1201100 0.00083
1201600 0.000842
1202100 0.000841
1202600 0.000834
1203100 0.000891
1203600 0.000833
1204100 0.000862
1204600 0.000929
1205100 0.000836
1205600 0.000962
1206100 0.00085
1206600 0.000897
1207100 0.000838
1207600 0.000867
1208100 0.000842
1208600 0.000987
1209100 0.000894
1209600 0.000989
1210100 0.000927
1210600 0.000871
1211100 0.000841
1211600 0.000922
1212100 0.000963
1212600 0.000937
1213100 0.000869
1213600 0.000839
1214100 0.000845
1214600 0.000875
1215100 0.000911
1215600 0.00093
1216100 0.000936
1216600 0.00097
1217100 0.000844
1217600 0.000874
1218100 0.000848
1218600 0.000847
1219100 0.000868
1219600 0.000846
1220100 0.000869
1220600 0.001164
1221100 0.000856
1221600 0.00085
1222100 0.000964
1222600 0.000847
1223100 0.000848
1223600 0.000868
1224100 0.00088
1224600 0.001017
1225100 0.000847
1225600 0.001007
1226100 0.00093
1226600 0.000879
1227100 0.000852
1227600 0.000921
1228100 0.000852
1228600 0.000947
1229100 0.000854
1229600 0.000857
1230100 0.000885
1230600 0.000849
1231100 0.000881
1231600 0.000985
1232100 0.000913
1232600 0.000853
1233100 0.00088
1233600 0.00095
1234100 0.000991
1234600 0.000853
1235100 0.000958
1235600 0.000934
1236100 0.000978
1236600 0.000954
1237100 0.000867
1237600 0.00086
1238100 0.000861
1238600 0.000966
1239100 0.000966
1239600 0.000946
1240100 0.000988
1240600 0.000945
1241100 0.000861
1241600 0.000968
1242100 0.00104
1242600 0.000864
1243100 0.001099
1243600 0.000893
1244100 0.000969
1244600 0.000853
1245100 0.000853
1245600 0.000892
1246100 0.000861
1246600 0.00086
1247100 0.000881
1247600 0.000865
1248100 0.000954
1248600 0.001061
1249100 0.000886
1249600 0.001177
1250100 0.000896
1250600 0.000863
1251100 0.000871
1251600 0.00093
1252100 0.000934
1252600 0.001014
1253100 0.000869
1253600 0.000886
1254100 0.000866
1254600 0.001139
1255100 0.001015
1255600 0.001273
1256100 0.000875
1256600 0.000905
1257100 0.000926
1257600 0.00087
1258100 0.000892
1258600 0.001019
1259100 0.000994
1259600 0.00087
1260100 0.001
1260600 0.001041
1261100 0.001329
1261600 0.000871
1262100 0.000977
1262600 0.000874
1263100 0.000969
1263600 0.000889
1264100 0.000879
1264600 0.000959
1265100 0.000998
1265600 0.001111
1266100 0.00088
1266600 0.000951
1267100 0.000972
1267600 0.000999
1268100 0.000881
1268600 0.000945
1269100 0.000978
1269600 0.000971
1270100 0.000879
1270600 0.000885
1271100 0.000992
1271600 0.00088
1272100 0.00092
1272600 0.00103
1273100 0.000992
1273600 0.000988
1274100 0.0009
1274600 0.000887
1275100 0.000886
1275600 0.000916
1276100 0.000887
1276600 0.000921
1277100 0.000971
1277600 0.000966
1278100 0.000979
1278600 0.001011
1279100 0.000994
1279600 0.001014
1280100 0.00088
1280600 0.000919
1281100 0.000892
1281600 0.00098
1282100 0.000958
1282600 0.00089
1283100 0.000891
1283600 0.000989
1284100 0.00092
1284600 0.000894
1285100 0.00098
1285600 0.000986
1286100 0.001458
1286600 0.000926
1287100 0.000893
1287600 0.000893
1288100 0.000975
1288600 0.00099
1289100 0.000992
1289600 0.000895
1290100 0.000931
1290600 0.001027
1291100 0.001028
1291600 0.001045
1292100 0.000909
1292600 0.000905
1293100 0.00094
1293600 0.001009
1294100 0.0009
1294600 0.001343
1295100 0.001015
1295600 0.000889
1296100 0.000889
1296600 0.001036
1297100 0.000896
1297600 0.000939
1298100 0.000895
1298600 0.000902
1299100 0.001079
1299600 0.001198
1300100 0.000898
1300600 0.001292
1301100 0.001046
1301600 0.001089
1302100 0.001017
1302600 0.000901
1303100 0.001027
1303600 0.00091
1304100 0.00094
1304600 0.000996
1305100 0.001113
1305600 0.000998
1306100 0.001049
1306600 0.000903
1307100 0.000908
1307600 0.000953
1308100 0.001021
1308600 0.000896
1309100 0.000904
1309600 0.000931
1310100 0.000908
1310600 0.001054
1311100 0.001046
1311600 0.001376
1312100 0.000906
1312600 0.000944
1313100 0.000917
1313600 0.000947
1314100 0.000929
1314600 0.000917
1315100 0.001005
1315600 0.001005
1316100 0.001127
1316600 0.000912
1317100 0.000953
1317600 0.00092
1318100 0.001019
1318600 0.000939
1319100 0.001066
1319600 0.001016
1320100 0.000926
1320600 0.000948
1321100 0.000916
1321600 0.001103
1322100 0.001018
1322600 0.001413
1323100 0.001018
1323600 0.00095
1324100 0.000996
1324600 0.001039
1325100 0.000979
1325600 0.00096
1326100 0.000919
1326600 0.000924
1327100 0.001021
1327600 0.001096
1328100 0.001026
1328600 0.000932
1329100 0.001066
1329600 0.000927
1330100 0.000963
1330600 0.000975
1331100 0.001008
1331600 0.00092
1332100 0.000957
1332600 0.001067
1333100 0.000931
1333600 0.001088
1334100 0.001076
1334600 0.001007
1335100 0.000929
1335600 0.001093
1336100 0.000926
1336600 0.00097
1337100 0.001107
1337600 0.000987
1338100 0.001028
1338600 0.000968
1339100 0.00102
1339600 0.001063
1340100 0.00103
1340600 0.000952
1341100 0.000936
1341600 0.00094
1342100 0.000968
1342600 0.000939
1343100 0.000968
1343600 0.000936
1344100 0.001099
1344600 0.00105
1345100 0.00134
1345600 0.000932
1346100 0.000944
1346600 0.000994
1347100 0.001082
1347600 0.000939
1348100 0.000927
1348600 0.000974
1349100 0.001043
1349600 0.00128
1350100 0.001131
1350600 0.00107
1351100 0.000945
1351600 0.001156
1352100 0.001135
1352600 0.001058
1353100 0.000938
1353600 0.000976
1354100 0.001045
1354600 0.001513
1355100 0.000937
1355600 0.001445
1356100 0.001106
1356600 0.001001
1357100 0.000943
1357600 0.000987
1358100 0.000939
1358600 0.000943
1359100 0.000961
1359600 0.001002
1360100 0.001157
1360600 0.000943
1361100 0.001079
1361600 0.00096
1362100 0.000938
1362600 0.000954
1363100 0.000989
1363600 0.000949
1364100 0.000987
1364600 0.00101
1365100 0.001038
1365600 0.001337
1366100 0.000991
1366600 0.001358
1367100 0.001004
1367600 0.001049
1368100 0.000982
1368600 0.000951
1369100 0.000956
1369600 0.000959
1370100 0.001039
1370600 0.001092
1371100 0.000958
1371600 0.000985
1372100 0.000959
1372600 0.001128
1373100 0.001061
1373600 0.001152
1374100 0.000951
1374600 0.001127
1375100 0.001064
1375600 0.000973
1376100 0.000973
1376600 0.000988
1377100 0.000956
1377600 0.001053
1378100 0.001061
1378600 0.001091
1379100 0.001068
1379600 0.000959
1380100 0.001052
1380600 0.000963
1381100 0.000946
1381600 0.000962
1382100 0.00098
1382600 0.001127
1383100 0.00097
1383600 0.000965
1384100 0.001009
1384600 0.000963
1385100 0.001066
1385600 0.001097
1386100 0.001097
1386600 0.001007
1387100 0.000997
1387600 0.000959
1388100 0.001153
1388600 0.001086
1389100 0.000995
1389600 0.000968
1390100 0.000969
1390600 0.001021
1391100 0.00115
1391600 0.000969
1392100 0.00097
1392600 0.00143
1393100 0.000998
1393600 0.00097
1394100 0.000973
1394600 0.001356
1395100 0.001097
1395600 0.000975
1396100 0.000969
1396600 0.001117
1397100 0.001173
1397600 0.000973
1398100 0.000968
1398600 0.001045
1399100 0.001098
1399600 0.000977
1400100 0.000976
1400600 0.001103
1401100 0.000967
1401600 0.001193
1402100 0.00111
1402600 0.000998
1403100 0.000982
1403600 0.001015
1404100 0.001043
1404600 0.001137
1405100 0.00097
1405600 0.001021
1406100 0.00104
1406600 0.000992
1407100 0.000981
1407600 0.001024
1408100 0.000976
1408600 0.00098
1409100 0.00126
1409600 0.001008
1410100 0.00134
1410600 0.001047
1411100 0.001088
1411600 0.001017
1412100 0.000989
1412600 0.000978
1413100 0.001021
1413600 0.000985
1414100 0.001191
1414600 0.00111
1415100 0.001024
1415600 0.001449
1416100 0.001069
1416600 0.001099
1417100 0.001102
1417600 0.000985
1418100 0.001024
1418600 0.001108
1419100 0.001105
1419600 0.000996
1420100 0.00114
1420600 0.000987
1421100 0.00126
1421600 0.000976
1422100 0.001026
1422600 0.000983
1423100 0.000985
1423600 0.001052
1424100 0.001089
1424600 0.000995
1425100 0.000994
1425600 0.001271
1426100 0.001065
1426600 0.001212
1427100 0.001
1427600 0.001294
1428100 0.001068
1428600 0.000994
1429100 0.001196
1429600 0.001102
1430100 0.001002
1430600 0.001162
1431100 0.000993
1431600 0.00143
1432100 0.001036
1432600 0.000998
1433100 0.001002
1433600 0.001068
1434100 0.001015
1434600 0.001147
1435100 0.001002
1435600 0.001039
1436100 0.001086
1436600 0.001045
1437100 0.000997
1437600 0.001012
1438100 0.001082
1438600 0.001013
1439100 0.001007
1439600 0.001035
1440100 0.000997
1440600 0.001098
1441100 0.00121
1441600 0.001043
1442100 0.001075
1442600 0.001178
1443100 0.001109
1443600 0.001078
1444100 0.00109
1444600 0.001038
1445100 0.001049
1445600 0.001093
1446100 0.001065
1446600 0.001048
1447100 0.001022
1447600 0.001002
1448100 0.001082
1448600 0.001101
1449100 0.001124
1449600 0.001015
1450100 0.001051
1450600 0.001002
1451100 0.001055
1451600 0.001077
1452100 0.0011
1452600 0.001007
1453100 0.001055
1453600 0.0012
1454100 0.001113
1454600 0.001017
1455100 0.001057
1455600 0.001016
1456100 0.001016
1456600 0.001218
1457100 0.001177
1457600 0.001005
1458100 0.001308
1458600 0.001098
1459100 0.001189
1459600 0.001021
1460100 0.001102
1460600 0.001064
1461100 0.001021
1461600 0.001114
1462100 0.00102
1462600 0.001216
1463100 0.001022
1463600 0.001501
1464100 0.001063
1464600 0.001184
1465100 0.001023
1465600 0.001067
1466100 0.00119
1466600 0.001021
1467100 0.001012
1467600 0.001054
1468100 0.001041
1468600 0.001211
1469100 0.001133
1469600 0.001193
1470100 0.001027
1470600 0.001213
1471100 0.001155
1471600 0.001072
1472100 0.001028
1472600 0.001083
1473100 0.001371
1473600 0.001068
1474100 0.001225
1474600 0.001096
1475100 0.001257
1475600 0.001071
1476100 0.001013
1476600 0.001076
1477100 0.001116
1477600 0.001045
1478100 0.001034
1478600 0.001014
1479100 0.001119
1479600 0.001052
1480100 0.001036
1480600 0.001035
1481100 0.001078
1481600 0.001034
1482100 0.001157
1482600 0.001031
1483100 0.001065
1483600 0.001031
1484100 0.001136
1484600 0.001142
1485100 0.001169
1485600 0.00113
1486100 0.001201
1486600 0.001042
1487100 0.001076
1487600 0.001037
1488100 0.001151
1488600 0.001155
1489100 0.001409
1489600 0.001029
1490100 0.001025
1490600 0.001042
1491100 0.001081
1491600 0.00113
1492100 0.001044
1492600 0.001037
1493100 0.001083
1493600 0.001085
1494100 0.001192
1494600 0.001043
1495100 0.00109
1495600 0.00118
1496100 0.001146
1496600 0.001046
1497100 0.001243
1497600 0.001046
1498100 0.001082
1498600 0.001145
1499100 0.001053
1499600 0.001157
1500100 0.001094
1500600 0.001118
1501100 0.00115
1501600 0.001051
1502100 0.001095
1502600 0.001091
1503100 0.001054
1503600 0.001256
1504100 0.001089
1504600 0.00104
1505100 0.001161
1505600 0.001131
1506100 0.001258
1506600 0.001163
1507100 0.001054
1507600 0.001162
1508100 0.00122
1508600 0.001056
1509100 0.001086
1509600 0.001219
1510100 0.001192
1510600 0.001059
1511100 0.001104
1511600 0.001136
1512100 0.001092
1512600 0.001058
1513100 0.001147
1513600 0.00112
1514100 0.001232
1514600 0.001063
1515100 0.001056
1515600 0.001254
1516100 0.001176
1516600 0.00105
1517100 0.00106
1517600 0.001125
1518100 0.001228
1518600 0.001063
1519100 0.001175
1519600 0.001226
1520100 0.001157
1520600 0.001206
1521100 0.001061
1521600 0.001441
1522100 0.001154
1522600 0.001059
1523100 0.001065
1523600 0.001108
1524100 0.00112
1524600 0.001209
1525100 0.00105
1525600 0.001222
1526100 0.001124
1526600 0.00136
1527100 0.001064
1527600 0.001097
1528100 0.001163
1528600 0.001055
1529100 0.001067
1529600 0.00112
1530100 0.001156
1530600 0.00117
1531100 0.00107
1531600 0.001196
1532100 0.001271
1532600 0.001078
1533100 0.001069
1533600 0.001209
1534100 0.001073
1534600 0.001226
1535100 0.001075
1535600 0.001116
1536100 0.00121
1536600 0.001291
1537100 0.001339
1537600 0.001215
1538100 0.001472
1538600 0.001246
1539100 0.001075
1539600 0.00112
1540100 0.001255
1540600 0.001069
1541100 0.001076
1541600 0.001119
1542100 0.001304
1542600 0.001077
1543100 0.001195
1543600 0.001108
1544100 0.001272
1544600 0.001079
1545100 0.00108
1545600 0.001102
1546100 0.001223
1546600 0.001354
1547100 0.001079
1547600 0.001267
1548100 0.001129
1548600 0.001083
1549100 0.001195
1549600 0.001631
1550100 0.001244
1550600 0.001234
1551100 0.001222
1551600 0.001077
1552100 0.001314
1552600 0.001067
1553100 0.001135
1553600 0.001142
1554100 0.001078
1554600 0.001071
1555100 0.001126
1555600 0.001276
1556100 0.001254
1556600 0.001092
1557100 0.00126
1557600 0.001135
1558100 0.001088
1558600 0.001299
1559100 0.001223
1559600 0.001131
1560100 0.001092
1560600 0.001089
1561100 0.001281
1561600 0.001131
1562100 0.001385
1562600 0.0013
1563100 0.001121
1563600 0.001142
1564100 0.001232
1564600 0.001221
1565100 0.001098
1565600 0.001139
1566100 0.001407
1566600 0.001202
1567100 0.001212
1567600 0.00114
1568100 0.00116
1568600 0.00129
1569100 0.001094
1569600 0.00115
1570100 0.001148
1570600 0.001197
1571100 0.001254
1571600 0.001149
1572100 0.001513
1572600 0.001255
1573100 0.001103
1573600 0.001208
1574100 0.001592
1574600 0.001239
1575100 0.00129
1575600 0.001102
1576100 0.001217
1576600 0.001368
1577100 0.001132
1577600 0.001091
1578100 0.001279
1578600 0.001105
1579100 0.001154
1579600 0.001107
1580100 0.001122
1580600 0.001619
1581100 0.001265
1581600 0.001589
1582100 0.001286
1582600 0.001104
1583100 0.0012
1583600 0.001277
1584100 0.001146
1584600 0.001109
1585100 0.001152
1585600 0.001243
1586100 0.001327
1586600 0.00127
1587100 0.001116
1587600 0.001113
1588100 0.00115
1588600 0.001161
1589100 0.001319
1589600 0.001111
1590100 0.001162
1590600 0.001477
1591100 0.001112
1591600 0.001249
1592100 0.001208
1592600 0.001142
1593100 0.0011
1593600 0.001114
1594100 0.001202
1594600 0.001148
1595100 0.00111
1595600 0.00111
1596100 0.001234
1596600 0.001257
1597100 0.001272
1597600 0.001329
1598100 0.0011
1598600 0.001163
1599100 0.001161
1599600 0.001267
1600100 0.001239
1600600 0.001152
1601100 0.001349
1601600 0.001151
1602100 0.001242
1602600 0.001368
1603100 0.001311
1603600 0.001276
1604100 0.001121
1604600 0.001347
1605100 0.001124
1605600 0.001171
1606100 0.001253
1606600 0.001251
1607100 0.001424
1607600 0.001268
1608100 0.001316
1608600 0.001132
1609100 0.001131
1609600 0.001157
1610100 0.001239
1610600 0.001129
1611100 0.001262
1611600 0.001202
1612100 0.001443
1612600 0.00113
1613100 0.001126
1613600 0.001296
1614100 0.001178
1614600 0.001126
1615100 0.001362
1615600 0.001128
1616100 0.001312
1616600 0.001342
1617100 0.001252
1617600 0.001128
1618100 0.00141
1618600 0.001151
1619100 0.001181
1619600 0.001134
1620100 0.001265
1620600 0.001131
1621100 0.001482
1621600 0.001257
1622100 0.001254
1622600 0.001193
1623100 0.001267
1623600 0.001287
1624100 0.001132
1624600 0.001324
1625100 0.001137
1625600 0.00119
1626100 0.001435
1626600 0.001267
1627100 0.001131
1627600 0.00124
1628100 0.001256
1628600 0.001291
1629100 0.001142
1629600 0.001237
1630100 0.001271
1630600 0.001175
1631100 0.0013
1631600 0.001343
1632100 0.001259
1632600 0.00122
1633100 0.001293
1633600 0.001146
1634100 0.001144
1634600 0.001212
1635100 0.001342
1635600 0.001254
1636100 0.001328
1636600 0.001142
1637100 0.001457
1637600 0.001331
1638100 0.001314
1638600 0.001205
1639100 0.001261
1639600 0.001266
1640100 0.001192
1640600 0.001148
1641100 0.001423
1641600 0.001334
1642100 0.001424
1642600 0.001297
1643100 0.00115
1643600 0.001153
1644100 0.001251
1644600 0.001197
1645100 0.001151
1645600 0.001346
1646100 0.001392
1646600 0.001203
1647100 0.001484
1647600 0.001377
1648100 0.001153
1648600 0.001202
1649100 0.001259
1649600 0.001188
1650100 0.001151
1650600 0.001254
1651100 0.001359
1651600 0.0012
1652100 0.001666
1652600 0.001155
1653100 0.001157
1653600 0.001184
1654100 0.001278
1654600 0.001233
1655100 0.001154
1655600 0.001183
1656100 0.001445
1656600 0.001153
1657100 0.001332
1657600 0.00116
1658100 0.001208
1658600 0.00123
1659100 0.001165
1659600 0.00116
1660100 0.001211
1660600 0.001406
1661100 0.001206
1661600 0.001428
1662100 0.001329
1662600 0.001287
1663100 0.001309
1663600 0.001216
1664100 0.001354
1664600 0.001165
1665100 0.001752
1665600 0.00159
1666100 0.00129
1666600 0.001375
1667100 0.001165
1667600 0.001306
1668100 0.001167
1668600 0.001321
1669100 0.001361
1669600 0.00117
1670100 0.001168
1670600 0.001415
1671100 0.001213
1671600 0.001399
1672100 0.001295
1672600 0.001171
1673100 0.001223
1673600 0.001284
1674100 0.001202
1674600 0.001167
1675100 0.001383
1675600 0.001414
1676100 0.001207
1676600 0.001601
1677100 0.001321
1677600 0.001165
1678100 0.001199
1678600 0.001262
1679100 0.001161
1679600 0.001175
1680100 0.00138
1680600 0.001408
1681100 0.00137
1681600 0.001346
1682100 0.001333
1682600 0.001165
1683100 0.001291
1683600 0.001257
1684100 0.001197
1684600 0.001175
1685100 0.001241
1685600 0.001176
1686100 0.001233
1686600 0.001232
1687100 0.001245
1687600 0.001176
1688100 0.001778
1688600 0.001325
1689100 0.001382
1689600 0.001183
1690100 0.001334
1690600 0.001256
1691100 0.001389
1691600 0.001236
1692100 0.001184
1692600 0.001418
1693100 0.001179
1693600 0.001441
1694100 0.001391
1694600 0.001558
1695100 0.001255
1695600 0.00147
1696100 0.001307
1696600 0.001323
1697100 0.001305
1697600 0.001185
1698100 0.001451
1698600 0.00119
1699100 0.001311
1699600 0.001188
1700100 0.00164
1700600 0.001346
1701100 0.001187
1701600 0.00124
1702100 0.001189
1702600 0.001243
1703100 0.001194
1703600 0.0013
1704100 0.001488
1704600 0.001289
1705100 0.00145
1705600 0.00135
1706100 0.001192
1706600 0.001248
1707100 0.001301
1707600 0.001222
1708100 0.001197
1708600 0.001292
1709100 0.001475
1709600 0.001244
1710100 0.001385
1710600 0.001198
1711100 0.001196
1711600 0.001245
1712100 0.001242
1712600 0.001359
1713100 0.001326
1713600 0.001271
1714100 0.00145
1714600 0.001201
1715100 0.001572
1715600 0.001197
1716100 0.001313
1716600 0.001299
1717100 0.001222
1717600 0.001191
1718100 0.001339
1718600 0.001201
1719100 0.001447
1719600 0.001396
1720100 0.001319
1720600 0.001299
1721100 0.001202
1721600 0.001361
1722100 0.001202
1722600 0.001305
1723100 0.001279
1723600 0.00126
1724100 0.001339
1724600 0.001257
1725100 0.001374
1725600 0.001193
1726100 0.001348
1726600 0.001205
1727100 0.001261
1727600 0.001267
1728100 0.001224
1728600 0.001205
1729100 0.001371
1729600 0.001749
1730100 0.001341
1730600 0.001256
1731100 0.001208
1731600 0.00123
1732100 0.001313
1732600 0.001362
1733100 0.00121
1733600 0.001542
1734100 0.001213
1734600 0.001265
1735100 0.001309
1735600 0.001416
1736100 0.00133
1736600 0.001455
1737100 0.001211
1737600 0.00127
1738100 0.001282
1738600 0.001434
1739100 0.001278
1739600 0.001349
1740100 0.001248
1740600 0.001375
1741100 0.001327
1741600 0.001216
1742100 0.001356
1742600 0.001331
1743100 0.00147
1743600 0.001305
1744100 0.001719
1744600 0.001353
1745100 0.001221
1745600 0.001275
1746100 0.001417
1746600 0.001381
1747100 0.001221
1747600 0.001571
1748100 0.001215
1748600 0.001327
1749100 0.001374
1749600 0.001331
1750100 0.001376
1750600 0.00122
1751100 0.001278
1751600 0.00122
1752100 0.001337
1752600 0.001224
1753100 0.001419
1753600 0.001294
1754100 0.001414
1754600 0.001433
1755100 0.001223
1755600 0.001225
1756100 0.001428
1756600 0.001277
1757100 0.001258
1757600 0.001539
1758100 0.001228
1758600 0.001478
1759100 0.001231
1759600 0.001288
1760100 0.001425
1760600 0.00123
1761100 0.001231
1761600 0.001329
1762100 0.001494
1762600 0.001232
1763100 0.001744
1763600 0.001367
1764100 0.001448
1764600 0.002403
1765100 0.001227
1765600 0.001328
1766100 0.001427
1766600 0.001458
1767100 0.001261
1767600 0.001231
1768100 0.00149
1768600 0.001222
1769100 0.001291
1769600 0.001505
1770100 0.001295
1770600 0.001455
1771100 0.001497
1771600 0.001422
1772100 0.001375
1772600 0.001353
1773100 0.00124
1773600 0.001293
1774100 0.00132
1774600 0.001229
1775100 0.00124
1775600 0.001958
1776100 0.001602
1776600 0.001292
1777100 0.001241
1777600 0.001296
1778100 0.001322
1778600 0.001257
1779100 0.001243
1779600 0.001363
1780100 0.001251
1780600 0.001345
1781100 0.001243
1781600 0.001502
1782100 0.001247
1782600 0.001448
1783100 0.001467
1783600 0.001259
1784100 0.001247
1784600 0.00163
1785100 0.001434
1785600 0.001387
1786100 0.001568
1786600 0.001253
1787100 0.00146
1787600 0.001466
1788100 0.001361
1788600 0.001394
1789100 0.001262
1789600 0.00125
1790100 0.001644
1790600 0.001332
1791100 0.001294
1791600 0.001353
1792100 0.001253
1792600 0.00131
1793100 0.001316
1793600 0.00141
1794100 0.001504
1794600 0.001398
1795100 0.001387
1795600 0.001425
1796100 0.001413
1796600 0.001402
1797100 0.001252
1797600 0.001414
1798100 0.00138
1798600 0.001512
1799100 0.001312
1799600 0.001347
1800100 0.001258
1800600 0.001321
1801100 0.001249
1801600 0.001452
1802100 0.001459
1802600 0.001305
1803100 0.00132
1803600 0.001256
1804100 0.001788
1804600 0.001257
1805100 0.00144
1805600 0.001384
1806100 0.001291
1806600 0.00125
1807100 0.001405
1807600 0.001265
1808100 0.001585
1808600 0.001291
1809100 0.001326
1809600 0.001507
1810100 0.001265
1810600 0.001372
1811100 0.001243
1811600 0.001321
1812100 0.001333
1812600 0.001839
1813100 0.001471
1813600 0.001404
1814100 0.001406
1814600 0.001269
1815100 0.001417
1815600 0.001568
1816100 0.001254
1816600 0.001423
1817100 0.001269
1817600 0.001322
1818100 0.001374
1818600 0.001441
1819100 0.00127
1819600 0.001327
1820100 0.001406
1820600 0.001313
1821100 0.001269
1821600 0.001401
1822100 0.001307
1822600 0.001345
1823100 0.001504
1823600 0.001278
1824100 0.001496
1824600 0.001277
1825100 0.001334
1825600 0.001469
1826100 0.001328
1826600 0.001278
1827100 0.001535
1827600 0.001274
1828100 0.001401
1828600 0.001478
1829100 0.00138
1829600 0.001481
1830100 0.001327
1830600 0.0015
1831100 0.001267
1831600 0.001569
1832100 0.001336
1832600 0.001483
1833100 0.001388
1833600 0.001279
1834100 0.001442
1834600 0.001434
1835100 0.001557
1835600 0.001386
1836100 0.001286
1836600 0.00128
1837100 0.001732
1837600 0.001341
1838100 0.001447
1838600 0.001499
1839100 0.001287
1839600 0.001406
1840100 0.001287
1840600 0.001337
1841100 0.001408
1841600 0.001756
1842100 0.001466
1842600 0.001281
1843100 0.001403
1843600 0.001289
1844100 0.001345
1844600 0.001861
1845100 0.001622
1845600 0.001395
1846100 0.001425
1846600 0.001518
1847100 0.001291
1847600 0.001482
1848100 0.001401
1848600 0.001444
1849100 0.001346
1849600 0.001291
1850100 0.00134
1850600 0.001851
1851100 0.001333
1851600 0.001524
1852100 0.001335
1852600 0.001549
1853100 0.00142
1853600 0.001291
1854100 0.001694
1854600 0.001805
1855100 0.001485
1855600 0.00145
1856100 0.001352
1856600 0.001577
1857100 0.001282
1857600 0.001418
1858100 0.001295
1858600 0.001505
1859100 0.001298
1859600 0.001386
1860100 0.001463
1860600 0.001299
1861100 0.001365
1861600 0.001299
1862100 0.001356
1862600 0.001412
1863100 0.001617
1863600 0.001385
1864100 0.001778
1864600 0.001466
1865100 0.001303
1865600 0.001429
1866100 0.001365
1866600 0.001492
1867100 0.001305
1867600 0.001585
1868100 0.001298
1868600 0.001771
1869100 0.001363
1869600 0.001351
1870100 0.001444
1870600 0.001303
1871100 0.001613
1871600 0.001295
1872100 0.001623
1872600 0.001365
1873100 0.001494
1873600 0.001552
1874100 0.001379
1874600 0.001294
1875100 0.00131
1875600 0.001509
1876100 0.001361
1876600 0.001751
1877100 0.001372
1877600 0.001405
1878100 0.001313
1878600 0.001315
1879100 0.001444
1879600 0.001371
1880100 0.001314
1880600 0.001434
1881100 0.001554
1881600 0.001462
1882100 0.001503
1882600 0.001823
1883100 0.001592
1883600 0.001463
1884100 0.001506
1884600 0.001509
1885100 0.001316
1885600 0.001852
1886100 0.001321
1886600 0.001887
1887100 0.001316
1887600 0.001521
1888100 0.001561
1888600 0.001318
1889100 0.001316
1889600 0.001482
1890100 0.001538
1890600 0.001421
1891100 0.001675
1891600 0.001385
1892100 0.001326
1892600 0.001471
1893100 0.001423
1893600 0.001381
1894100 0.001403
1894600 0.001541
1895100 0.001362
1895600 0.001477
1896100 0.001468
1896600 0.001457
1897100 0.001483
1897600 0.001327
1898100 0.001504
1898600 0.001326
1899100 0.001609
1899600 0.001543
1900100 0.001433
1900600 0.001364
1901100 0.001331
1901600 0.001419
1902100 0.00149
1902600 0.001391
1903100 0.001325
1903600 0.002105
1904100 0.001598
1904600 0.001475
1905100 0.001423
1905600 0.001328
1906100 0.001332
1906600 0.001327
1907100 0.001459
1907600 0.001451
1908100 0.001327
1908600 0.001656
1909100 0.001557
1909600 0.001497
1910100 0.001538
1910600 0.001441
1911100 0.001334
1911600 0.001336
1912100 0.001535
1912600 0.001478
1913100 0.001331
1913600 0.002002
1914100 0.001544
1914600 0.001331
1915100 0.001444
1915600 0.001338
1916100 0.001394
1916600 0.001514
1917100 0.001488
1917600 0.001491
1918100 0.001855
1918600 0.001556
1919100 0.001341
1919600 0.001399
1920100 0.001439
1920600 0.00137
1921100 0.001468
1921600 0.001588
1922100 0.001508
1922600 0.001434
1923100 0.001399
1923600 0.001419
1924100 0.001488
1924600 0.001339
1925100 0.00153
1925600 0.001573
1926100 0.001473
1926600 0.001389
1927100 0.001595
1927600 0.001581
1928100 0.001424
1928600 0.001351
1929100 0.001341
1929600 0.00144
1930100 0.001402
1930600 0.001413
1931100 0.001621
1931600 0.001537
1932100 0.001497
1932600 0.001345
1933100 0.001451
1933600 0.001479
1934100 0.001353
1934600 0.001455
1935100 0.001352
1935600 0.001606
1936100 0.00135
1936600 0.001588
1937100 0.0014
1937600 0.001353
1938100 0.001616
1938600 0.001355
1939100 0.001463
1939600 0.001463
1940100 0.001399
1940600 0.001353
1941100 0.0016
1941600 0.001498
1942100 0.001479
1942600 0.001417
1943100 0.001419
1943600 0.00156
1944100 0.001353
1944600 0.001489
1945100 0.001798
1945600 0.001571
1946100 0.001416
1946600 0.001577
1947100 0.001405
1947600 0.001541
1948100 0.001585
1948600 0.001617
1949100 0.001356
1949600 0.001359
1950100 0.001944
1950600 0.001362
1951100 0.001423
1951600 0.001651
1952100 0.001551
1952600 0.001509
1953100 0.001364
1953600 0.001403
1954100 0.001554
1954600 0.001424
1955100 0.001892
1955600 0.001414
1956100 0.001607
1956600 0.001396
1957100 0.001425
1957600 0.001668
1958100 0.001428
1958600 0.001497
1959100 0.001832
1959600 0.001411
1960100 0.001365
1960600 0.001464
1961100 0.001371
1961600 0.001432
1962100 0.001477
1962600 0.001537
1963100 0.001598
1963600 0.001545
1964100 0.001699
1964600 0.001545
1965100 0.00143
1965600 0.001602
1966100 0.001424
1966600 0.00142
1967100 0.001555
1967600 0.001555
1968100 0.001614
1968600 0.001573
1969100 0.001508
1969600 0.001614
1970100 0.001543
1970600 0.001608
1971100 0.00152
1971600 0.001376
1972100 0.00153
1972600 0.001841
1973100 0.001494
1973600 0.001683
1974100 0.001536
1974600 0.001436
1975100 0.001465
1975600 0.001364
1976100 0.001378
1976600 0.001666
1977100 0.00168
1977600 0.00138
1978100 0.001536
1978600 0.001436
1979100 0.001465
1979600 0.0014
1980100 0.001381
1980600 0.001555
1981100 0.001941
1981600 0.001509
1982100 0.001437
1982600 0.001586
1983100 0.001441
1983600 0.001611
1984100 0.001618
1984600 0.001598
1985100 0.001382
1985600 0.001965
1986100 0.001503
1986600 0.002176
1987100 0.001567
1987600 0.001579
1988100 0.001452
1988600 0.001621
1989100 0.001374
1989600 0.001579
1990100 0.001536
1990600 0.001538
1991100 0.001388
1991600 0.001501
1992100 0.001448
1992600 0.001483
1993100 0.001435
1993600 0.001609
1994100 0.001416
1994600 0.001581
1995100 0.001543
1995600 0.001455
1996100 0.001557
1996600 0.001454
1997100 0.001484
1997600 0.001391
1998100 0.001687
1998600 0.001395
1999100 0.001649
1999600 0.001396
